   1.0000000e+00   1.0000000e+00   1.0000000e+00
   9.9755490e-01   9.9644745e-01   9.9929255e-01
   9.9510980e-01   9.9289490e-01   9.9858510e-01
   9.9266471e-01   9.8934235e-01   9.9787765e-01
   9.9021961e-01   9.8578980e-01   9.9717020e-01
   9.8777451e-01   9.8223725e-01   9.9646275e-01
   9.8532941e-01   9.7868471e-01   9.9575529e-01
   9.8288431e-01   9.7513216e-01   9.9504784e-01
   9.8043922e-01   9.7157961e-01   9.9434039e-01
   9.7799412e-01   9.6802706e-01   9.9363294e-01
   9.7554902e-01   9.6447451e-01   9.9292549e-01
   9.7310392e-01   9.6092196e-01   9.9221804e-01
   9.7065882e-01   9.5736941e-01   9.9151059e-01
   9.6821373e-01   9.5381686e-01   9.9080314e-01
   9.6576863e-01   9.5026431e-01   9.9009569e-01
   9.6332353e-01   9.4671176e-01   9.8938824e-01
   9.6087843e-01   9.4315922e-01   9.8868078e-01
   9.5843333e-01   9.3960667e-01   9.8797333e-01
   9.5598824e-01   9.3605412e-01   9.8726588e-01
   9.5354314e-01   9.3250157e-01   9.8655843e-01
   9.5109804e-01   9.2894902e-01   9.8585098e-01
   9.4865294e-01   9.2539647e-01   9.8514353e-01
   9.4620784e-01   9.2184392e-01   9.8443608e-01
   9.4376275e-01   9.1829137e-01   9.8372863e-01
   9.4131765e-01   9.1473882e-01   9.8302118e-01
   9.3887255e-01   9.1118627e-01   9.8231373e-01
   9.3642745e-01   9.0763373e-01   9.8160627e-01
   9.3398235e-01   9.0408118e-01   9.8089882e-01
   9.3153725e-01   9.0052863e-01   9.8019137e-01
   9.2909216e-01   8.9697608e-01   9.7948392e-01
   9.2664706e-01   8.9342353e-01   9.7877647e-01
   9.2420196e-01   8.8987098e-01   9.7806902e-01
   9.2175686e-01   8.8631843e-01   9.7736157e-01
   9.1931176e-01   8.8276588e-01   9.7665412e-01
   9.1686667e-01   8.7921333e-01   9.7594667e-01
   9.1442157e-01   8.7566078e-01   9.7523922e-01
   9.1197647e-01   8.7210824e-01   9.7453176e-01
   9.0953137e-01   8.6855569e-01   9.7382431e-01
   9.0708627e-01   8.6500314e-01   9.7311686e-01
   9.0464118e-01   8.6145059e-01   9.7240941e-01
   9.0219608e-01   8.5789804e-01   9.7170196e-01
   8.9975098e-01   8.5434549e-01   9.7099451e-01
   8.9730588e-01   8.5079294e-01   9.7028706e-01
   8.9486078e-01   8.4724039e-01   9.6957961e-01
   8.9241569e-01   8.4368784e-01   9.6887216e-01
   8.8997059e-01   8.4013529e-01   9.6816471e-01
   8.8752549e-01   8.3658275e-01   9.6745725e-01
   8.8508039e-01   8.3303020e-01   9.6674980e-01
   8.8263529e-01   8.2947765e-01   9.6604235e-01
   8.8019020e-01   8.2592510e-01   9.6533490e-01
   8.7774510e-01   8.2237255e-01   9.6462745e-01
   8.7530000e-01   8.1882000e-01   9.6392000e-01
   8.7285490e-01   8.1526745e-01   9.6321255e-01
   8.7040980e-01   8.1171490e-01   9.6250510e-01
   8.6796471e-01   8.0816235e-01   9.6179765e-01
   8.6551961e-01   8.0460980e-01   9.6109020e-01
   8.6307451e-01   8.0105725e-01   9.6038275e-01
   8.6062941e-01   7.9750471e-01   9.5967529e-01
   8.5818431e-01   7.9395216e-01   9.5896784e-01
   8.5573922e-01   7.9039961e-01   9.5826039e-01
   8.5329412e-01   7.8684706e-01   9.5755294e-01
   8.5084902e-01   7.8329451e-01   9.5684549e-01
   8.4840392e-01   7.7974196e-01   9.5613804e-01
   8.4595882e-01   7.7618941e-01   9.5543059e-01
   8.4351373e-01   7.7263686e-01   9.5472314e-01
   8.4106863e-01   7.6908431e-01   9.5401569e-01
   8.3862353e-01   7.6553176e-01   9.5330824e-01
   8.3617843e-01   7.6197922e-01   9.5260078e-01
   8.3373333e-01   7.5842667e-01   9.5189333e-01
   8.3128824e-01   7.5487412e-01   9.5118588e-01
   8.2884314e-01   7.5132157e-01   9.5047843e-01
   8.2639804e-01   7.4776902e-01   9.4977098e-01
   8.2395294e-01   7.4421647e-01   9.4906353e-01
   8.2150784e-01   7.4066392e-01   9.4835608e-01
   8.1906275e-01   7.3711137e-01   9.4764863e-01
   8.1661765e-01   7.3355882e-01   9.4694118e-01
   8.1417255e-01   7.3000627e-01   9.4623373e-01
   8.1172745e-01   7.2645373e-01   9.4552627e-01
   8.0928235e-01   7.2290118e-01   9.4481882e-01
   8.0683725e-01   7.1934863e-01   9.4411137e-01
   8.0439216e-01   7.1579608e-01   9.4340392e-01
   8.0194706e-01   7.1224353e-01   9.4269647e-01
   7.9950196e-01   7.0869098e-01   9.4198902e-01
   7.9705686e-01   7.0513843e-01   9.4128157e-01
   7.9461176e-01   7.0158588e-01   9.4057412e-01
   7.9216667e-01   6.9803333e-01   9.3986667e-01
   7.8972157e-01   6.9448078e-01   9.3915922e-01
   7.8727647e-01   6.9092824e-01   9.3845176e-01
   7.8483137e-01   6.8737569e-01   9.3774431e-01
   7.8238627e-01   6.8382314e-01   9.3703686e-01
   7.7994118e-01   6.8027059e-01   9.3632941e-01
   7.7749608e-01   6.7671804e-01   9.3562196e-01
   7.7505098e-01   6.7316549e-01   9.3491451e-01
   7.7260588e-01   6.6961294e-01   9.3420706e-01
   7.7016078e-01   6.6606039e-01   9.3349961e-01
   7.6771569e-01   6.6250784e-01   9.3279216e-01
   7.6527059e-01   6.5895529e-01   9.3208471e-01
   7.6282549e-01   6.5540275e-01   9.3137725e-01
   7.6038039e-01   6.5185020e-01   9.3066980e-01
   7.5793529e-01   6.4829765e-01   9.2996235e-01
   7.5549020e-01   6.4474510e-01   9.2925490e-01
   7.5304510e-01   6.4119255e-01   9.2854745e-01
   7.5060000e-01   6.3764000e-01   9.2784000e-01
   7.4815490e-01   6.3408745e-01   9.2713255e-01
   7.4570980e-01   6.3053490e-01   9.2642510e-01
   7.4326471e-01   6.2698235e-01   9.2571765e-01
   7.4081961e-01   6.2342980e-01   9.2501020e-01
   7.3837451e-01   6.1987725e-01   9.2430275e-01
   7.3592941e-01   6.1632471e-01   9.2359529e-01
   7.3348431e-01   6.1277216e-01   9.2288784e-01
   7.3103922e-01   6.0921961e-01   9.2218039e-01
   7.2859412e-01   6.0566706e-01   9.2147294e-01
   7.2614902e-01   6.0211451e-01   9.2076549e-01
   7.2370392e-01   5.9856196e-01   9.2005804e-01
   7.2125882e-01   5.9500941e-01   9.1935059e-01
   7.1881373e-01   5.9145686e-01   9.1864314e-01
   7.1636863e-01   5.8790431e-01   9.1793569e-01
   7.1392353e-01   5.8435176e-01   9.1722824e-01
   7.1147843e-01   5.8079922e-01   9.1652078e-01
   7.0903333e-01   5.7724667e-01   9.1581333e-01
   7.0658824e-01   5.7369412e-01   9.1510588e-01
   7.0414314e-01   5.7014157e-01   9.1439843e-01
   7.0169804e-01   5.6658902e-01   9.1369098e-01
   6.9925294e-01   5.6303647e-01   9.1298353e-01
   6.9680784e-01   5.5948392e-01   9.1227608e-01
   6.9436275e-01   5.5593137e-01   9.1156863e-01
   6.9191765e-01   5.5237882e-01   9.1086118e-01
   6.8947255e-01   5.4882627e-01   9.1015373e-01
   6.8702745e-01   5.4527373e-01   9.0944627e-01
   6.8458235e-01   5.4172118e-01   9.0873882e-01
   6.8213725e-01   5.3816863e-01   9.0803137e-01
   6.7969216e-01   5.3461608e-01   9.0732392e-01
   6.7724706e-01   5.3106353e-01   9.0661647e-01
   6.7480196e-01   5.2751098e-01   9.0590902e-01
   6.7235686e-01   5.2395843e-01   9.0520157e-01
   6.6991176e-01   5.2040588e-01   9.0449412e-01
   6.6746667e-01   5.1685333e-01   9.0378667e-01
   6.6502157e-01   5.1330078e-01   9.0307922e-01
   6.6257647e-01   5.0974824e-01   9.0237176e-01
   6.6013137e-01   5.0619569e-01   9.0166431e-01
   6.5768627e-01   5.0264314e-01   9.0095686e-01
   6.5524118e-01   4.9909059e-01   9.0024941e-01
   6.5279608e-01   4.9553804e-01   8.9954196e-01
   6.5035098e-01   4.9198549e-01   8.9883451e-01
   6.4790588e-01   4.8843294e-01   8.9812706e-01
   6.4546078e-01   4.8488039e-01   8.9741961e-01
   6.4301569e-01   4.8132784e-01   8.9671216e-01
   6.4057059e-01   4.7777529e-01   8.9600471e-01
   6.3812549e-01   4.7422275e-01   8.9529725e-01
   6.3568039e-01   4.7067020e-01   8.9458980e-01
   6.3323529e-01   4.6711765e-01   8.9388235e-01
   6.3079020e-01   4.6356510e-01   8.9317490e-01
   6.2834510e-01   4.6001255e-01   8.9246745e-01
   6.2590000e-01   4.5646000e-01   8.9176000e-01
   6.2345490e-01   4.5290745e-01   8.9105255e-01
   6.2100980e-01   4.4935490e-01   8.9034510e-01
   6.1856471e-01   4.4580235e-01   8.8963765e-01
   6.1611961e-01   4.4224980e-01   8.8893020e-01
   6.1367451e-01   4.3869725e-01   8.8822275e-01
   6.1122941e-01   4.3514471e-01   8.8751529e-01
   6.0878431e-01   4.3159216e-01   8.8680784e-01
   6.0633922e-01   4.2803961e-01   8.8610039e-01
   6.0389412e-01   4.2448706e-01   8.8539294e-01
   6.0144902e-01   4.2093451e-01   8.8468549e-01
   5.9900392e-01   4.1738196e-01   8.8397804e-01
   5.9655882e-01   4.1382941e-01   8.8327059e-01
   5.9411373e-01   4.1027686e-01   8.8256314e-01
   5.9166863e-01   4.0672431e-01   8.8185569e-01
   5.8922353e-01   4.0317176e-01   8.8114824e-01
   5.8677843e-01   3.9961922e-01   8.8044078e-01
   5.8433333e-01   3.9606667e-01   8.7973333e-01
   5.8188824e-01   3.9251412e-01   8.7902588e-01
   5.7944314e-01   3.8896157e-01   8.7831843e-01
   5.7699804e-01   3.8540902e-01   8.7761098e-01
   5.7455294e-01   3.8185647e-01   8.7690353e-01
   5.7210784e-01   3.7830392e-01   8.7619608e-01
   5.6966275e-01   3.7475137e-01   8.7548863e-01
   5.6721765e-01   3.7119882e-01   8.7478118e-01
   5.6477255e-01   3.6764627e-01   8.7407373e-01
   5.6232745e-01   3.6409373e-01   8.7336627e-01
   5.5988235e-01   3.6054118e-01   8.7265882e-01
   5.5743725e-01   3.5698863e-01   8.7195137e-01
   5.5499216e-01   3.5343608e-01   8.7124392e-01
   5.5254706e-01   3.4988353e-01   8.7053647e-01
   5.5010196e-01   3.4633098e-01   8.6982902e-01
   5.4765686e-01   3.4277843e-01   8.6912157e-01
   5.4521176e-01   3.3922588e-01   8.6841412e-01
   5.4276667e-01   3.3567333e-01   8.6770667e-01
   5.4032157e-01   3.3212078e-01   8.6699922e-01
   5.3787647e-01   3.2856824e-01   8.6629176e-01
   5.3543137e-01   3.2501569e-01   8.6558431e-01
   5.3298627e-01   3.2146314e-01   8.6487686e-01
   5.3054118e-01   3.1791059e-01   8.6416941e-01
   5.2809608e-01   3.1435804e-01   8.6346196e-01
   5.2565098e-01   3.1080549e-01   8.6275451e-01
   5.2320588e-01   3.0725294e-01   8.6204706e-01
   5.2076078e-01   3.0370039e-01   8.6133961e-01
   5.1831569e-01   3.0014784e-01   8.6063216e-01
   5.1587059e-01   2.9659529e-01   8.5992471e-01
   5.1342549e-01   2.9304275e-01   8.5921725e-01
   5.1098039e-01   2.8949020e-01   8.5850980e-01
   5.0853529e-01   2.8593765e-01   8.5780235e-01
   5.0609020e-01   2.8238510e-01   8.5709490e-01
   5.0364510e-01   2.7883255e-01   8.5638745e-01
   5.0120000e-01   2.7528000e-01   8.5568000e-01
   4.9875490e-01   2.7172745e-01   8.5497255e-01
   4.9630980e-01   2.6817490e-01   8.5426510e-01
   4.9386471e-01   2.6462235e-01   8.5355765e-01
   4.9141961e-01   2.6106980e-01   8.5285020e-01
   4.8897451e-01   2.5751725e-01   8.5214275e-01
   4.8652941e-01   2.5396471e-01   8.5143529e-01
   4.8408431e-01   2.5041216e-01   8.5072784e-01
   4.8163922e-01   2.4685961e-01   8.5002039e-01
   4.7919412e-01   2.4330706e-01   8.4931294e-01
   4.7674902e-01   2.3975451e-01   8.4860549e-01
   4.7430392e-01   2.3620196e-01   8.4789804e-01
   4.7185882e-01   2.3264941e-01   8.4719059e-01
   4.6941373e-01   2.2909686e-01   8.4648314e-01
   4.6696863e-01   2.2554431e-01   8.4577569e-01
   4.6452353e-01   2.2199176e-01   8.4506824e-01
   4.6207843e-01   2.1843922e-01   8.4436078e-01
   4.5963333e-01   2.1488667e-01   8.4365333e-01
   4.5718824e-01   2.1133412e-01   8.4294588e-01
   4.5474314e-01   2.0778157e-01   8.4223843e-01
   4.5229804e-01   2.0422902e-01   8.4153098e-01
   4.4985294e-01   2.0067647e-01   8.4082353e-01
   4.4740784e-01   1.9712392e-01   8.4011608e-01
   4.4496275e-01   1.9357137e-01   8.3940863e-01
   4.4251765e-01   1.9001882e-01   8.3870118e-01
   4.4007255e-01   1.8646627e-01   8.3799373e-01
   4.3762745e-01   1.8291373e-01   8.3728627e-01
   4.3518235e-01   1.7936118e-01   8.3657882e-01
   4.3273725e-01   1.7580863e-01   8.3587137e-01
   4.3029216e-01   1.7225608e-01   8.3516392e-01
   4.2784706e-01   1.6870353e-01   8.3445647e-01
   4.2540196e-01   1.6515098e-01   8.3374902e-01
   4.2295686e-01   1.6159843e-01   8.3304157e-01
   4.2051176e-01   1.5804588e-01   8.3233412e-01
   4.1806667e-01   1.5449333e-01   8.3162667e-01
   4.1562157e-01   1.5094078e-01   8.3091922e-01
   4.1317647e-01   1.4738824e-01   8.3021176e-01
   4.1073137e-01   1.4383569e-01   8.2950431e-01
   4.0828627e-01   1.4028314e-01   8.2879686e-01
   4.0584118e-01   1.3673059e-01   8.2808941e-01
   4.0339608e-01   1.3317804e-01   8.2738196e-01
   4.0095098e-01   1.2962549e-01   8.2667451e-01
   3.9850588e-01   1.2607294e-01   8.2596706e-01
   3.9606078e-01   1.2252039e-01   8.2525961e-01
   3.9361569e-01   1.1896784e-01   8.2455216e-01
   3.9117059e-01   1.1541529e-01   8.2384471e-01
   3.8872549e-01   1.1186275e-01   8.2313725e-01
   3.8628039e-01   1.0831020e-01   8.2242980e-01
   3.8383529e-01   1.0475765e-01   8.2172235e-01
   3.8139020e-01   1.0120510e-01   8.2101490e-01
   3.7894510e-01   9.7652549e-02   8.2030745e-01
   3.7650000e-01   9.4100000e-02   8.1960000e-01
